0.0967742 
0.0606061 
0.0714286 
0.0277778 
1.0000000 
0.5151515 
1.0000000 
1.0000000 
0.0104167 
0.0303030 
1.0000000 
1.0000000 
0.0312500 
0.3636364 
1.0000000 
1.0000000 
0.0104167 
0.1578947 
0.0555556 
0.0083333 
0.3020833 
1.0000000 
1.0000000 
1.0000000 
0.0312500 
0.0789474 
0.0294118 
0.0083333 
1.0000000 
0.7894737 
1.0000000 
0.3833333 
0.0909091 
0.0500000 
0.0909091 
0.0909091 
1.0000000 
0.6500000 
1.0000000 
1.0000000 
0.0454545 
0.0500000 
0.0833333 
0.0166667 
1.0000000 
1.0000000 
1.0000000 
0.0666667 
0.0256410 
0.0434783 
0.0810811 
0.0169492 
0.4871795 
1.0000000 
1.0000000 
1.0000000 
0.0256410 
0.0579710 
0.1269841 
0.0084746 
1.0000000 
1.0000000 
1.0000000 
0.3050847 
