label                     Axis1      Axis2      Axis3      Axis4
UUU                     0.32830   -0.01906    0.00724   -0.02552
UCU                     0.31205    0.09247    0.02866    0.03037
UAU                     0.35412    0.02981    0.01853   -0.04970
UGU                     0.29361    0.05907    0.01622   -0.16246
UUC                    -0.32175    0.02456   -0.00670    0.02488
UCC                    -0.28746    0.05049   -0.04426    0.02582
UAC                    -0.31119   -0.01790   -0.01973    0.03658
UGC                    -0.28788   -0.05893   -0.02140    0.17688
UUA                     0.73638   -0.20231    0.07972    0.01605
UCA                     0.34961    0.01967   -0.00183    0.05668
UUG                     0.30886   -0.01389   -0.00510   -0.04924
UCG                    -0.49743   -0.46836    0.34962   -0.09848
CUU                     0.44006   -0.00902    0.03807    0.02720
CCU                     0.26249    0.08138   -0.02485    0.00797
CAU                     0.37521    0.05579    0.07446   -0.03964
CGU                     0.14013    0.43877    0.38675    0.20483
CUC                    -0.29399    0.03278   -0.08023    0.02193
CCC                    -0.38293    0.04628   -0.07308    0.02550
CAC                    -0.30853   -0.04118   -0.05613    0.05060
CGC                    -0.60831   -0.01962    0.36133    0.26160
CUA                     0.32819    0.05056    0.02040   -0.05031
CCA                     0.29678    0.05119    0.01506    0.02017
CAA                     0.47698   -0.08998    0.05251    0.02128
CGA                     0.20113    0.19072    0.11827   -0.30636
CUG                    -0.41116    0.03030    0.00106    0.00340
CCG                    -0.49014   -0.46920    0.20214   -0.13174
CAG                    -0.16737    0.03202   -0.01940   -0.00760
CGG                    -0.42674    0.07244   -0.04799   -0.34982
AUU                     0.33191    0.02453    0.01588   -0.02763
ACU                     0.32243    0.05740    0.02314    0.02573
AAU                     0.35476    0.00010    0.03652   -0.01476
AGU                     0.31346    0.04277   -0.00621   -0.06020
AUC                    -0.44547    0.06258   -0.02700    0.03443
ACC                    -0.33298    0.06497   -0.03822    0.03882
AAC                    -0.30387    0.00493   -0.03860    0.01149
AGC                    -0.33230   -0.04229   -0.06753   -0.02239
AUA                     0.51198   -0.23572    0.04430   -0.04135
ACA                     0.29458    0.02157   -0.01229   -0.03046
AAA                     0.38336   -0.08471    0.00917   -0.00966
AGA                     0.59794   -0.25485   -0.13238    0.14488
ACG                    -0.52269   -0.36698    0.09948   -0.09463
AAG                    -0.27379    0.05983   -0.00806    0.00542
AGG                     0.07827   -0.10601   -0.37643    0.09438
GUU                     0.51385   -0.05517    0.06184    0.02963
GCU                     0.27018    0.12093    0.00316    0.00657
GAU                     0.32888    0.01322    0.03230    0.00198
GGU                     0.29749    0.09051    0.05928   -0.00343
GUC                    -0.22077    0.00800   -0.08293    0.02664
GCC                    -0.33194    0.02879   -0.04910    0.03561
GAC                    -0.31723   -0.01280   -0.03230   -0.00269
GGC                    -0.37338   -0.02976    0.06461    0.03186
GUA                     0.53579   -0.04293    0.07255    0.00335
GCA                     0.35414    0.01464   -0.02310    0.03430
GAA                     0.42611   -0.05255    0.02240   -0.00251
GGA                     0.41761   -0.04580   -0.00420   -0.00416
GUG                    -0.29034    0.03266   -0.00962   -0.02867
GCG                    -0.42947   -0.45514    0.21309   -0.21661
GAG                    -0.33794    0.04002   -0.01556    0.00021
GGG                    -0.22054    0.02167   -0.12973   -0.03894