label Axis1 Axis2 Axis3 Axis4
UUU 0.328301 -0.019060 0.007243 -0.025517
UCU 0.312053 0.092471 0.028657 0.030372
UAU 0.354116 0.029810 0.018528 -0.049704
UGU 0.293609 0.059072 0.016218 -0.162458
UUC -0.321752 0.024563 -0.006699 0.024884
UCC -0.287459 0.050486 -0.044264 0.025821
UAC -0.311193 -0.017896 -0.019734 0.036583
UGC -0.287883 -0.058932 -0.021402 0.176876
UUA 0.736378 -0.202306 0.079716 0.016053
UCA 0.349614 0.019667 -0.001835 0.056677
UUG 0.308863 -0.013885 -0.005096 -0.049243
UCG -0.497434 -0.468358 0.349617 -0.098479
CUU 0.440064 -0.009018 0.038073 0.027198
CCU 0.262495 0.081384 -0.024848 0.007967
CAU 0.375211 0.055786 0.074459 -0.039640
CGU 0.140128 0.438766 0.386753 0.204826
CUC -0.293993 0.032780 -0.080232 0.021934
CCC -0.382932 0.046281 -0.073079 0.025504
CAC -0.308528 -0.041179 -0.056127 0.050600
CGC -0.608306 -0.019620 0.361327 0.261596
CUA 0.328193 0.050560 0.020400 -0.050312
CCA 0.296776 0.051185 0.015063 0.020174
CAA 0.476977 -0.089977 0.052508 0.021275
CGA 0.201127 0.190722 0.118274 -0.306364
CUG -0.411160 0.030296 0.001057 0.003397
CCG -0.490137 -0.469201 0.202144 -0.131736
CAG -0.167374 0.032019 -0.019396 -0.007605
CGG -0.426742 0.072438 -0.047987 -0.349817
AUU 0.331905 0.024533 0.015875 -0.027630
ACU 0.322426 0.057396 0.023139 0.025727
AAU 0.354758 0.000096 0.036515 -0.014762
AGU 0.313459 0.042769 -0.006207 -0.060200
AUC -0.445471 0.062575 -0.027001 0.034431
ACC -0.332978 0.064972 -0.038223 0.038818
AAC -0.303866 0.004927 -0.038597 0.011494
AGC -0.332299 -0.042292 -0.067534 -0.022388
AUA 0.511984 -0.235724 0.044297 -0.041355
ACA 0.294580 0.021570 -0.012292 -0.030459
AAA 0.383364 -0.084707 0.009173 -0.009665
AGA 0.597935 -0.254853 -0.132378 0.144879
ACG -0.522695 -0.366981 0.099482 -0.094630
AAG -0.273788 0.059833 -0.008056 0.005424
AGG 0.078266 -0.106007 -0.376429 0.094380
GUU 0.513853 -0.055170 0.061835 0.029630
GCU 0.270178 0.120932 0.003164 0.006575
GAU 0.328878 0.013221 0.032299 0.001976
GGU 0.297492 0.090514 0.059283 -0.003432
GUC -0.220770 0.007998 -0.082927 0.026638
GCC -0.331940 0.028786 -0.049095 0.035613
GAC -0.317234 -0.012798 -0.032295 -0.002693
GGC -0.373379 -0.029758 0.064607 0.031859
GUA 0.535789 -0.042931 0.072551 0.003348
GCA 0.354138 0.014640 -0.023104 0.034296
GAA 0.426105 -0.052547 0.022396 -0.002510
GGA 0.417615 -0.045799 -0.004201 -0.004165
GUG -0.290343 0.032662 -0.009620 -0.028674
GCG -0.429475 -0.455142 0.213086 -0.216613
GAG -0.337941 0.040023 -0.015559 0.000211
GGG -0.220538 0.021666 -0.129728 -0.038937
